/home/lriesch/master_thesis/dat/vggsound/train/skidding/ljjUj5fQZgs_000450.mp4

[70, 475, 483, 516, 581, 1018, 1367, 1371, 1392, 1791, 2118, 2153, 2218, 2344, 2460, 2512, 2532, 2740, 2745, 2789, 2927, 3151, 3549, 3853, 4135, 4142, 4247, 4323, 4392, 4438, 4475, 5137, 6168, 6230, 6374, 6407, 
6574, 6692, 6830, 7241, 7762, 7859, 8873, 9278, 9692, 9877, 10072, 10639, 10908, 11180, 11415, 11708, 11729, 11737, 11798, 11951, 11955, 12727, 12752, 12754, 12897, 13013, 13057, 13177, 13341, 13615, 14237, 1443
6, 14532, 14713, 14801, 15639, 15713, 15758, 15858, 15969, 16213, 16443, 16454, 16593, 16646, 16736, 16878, 17010, 17139, 17200, 17280, 17374, 17472, 17637, 17690, 17978, 18347, 18397, 18467, 18545, 18708, 18869
, 19001, 19584, 19588, 19592, 19716, 20130, 20166, 20292, 20786, 20919, 20980, 21155, 21478, 21839, 21852, 22039, 22368, 22958, 23311, 23401, 23765, 24171, 24233, 24917, 25170, 26108, 26742, 27029, 27372, 27534,
 27637, 28614, 28850, 28972, 29030, 29548, 29556, 29607, 29785, 30041, 30833, 31461, 31532, 31930, 32195, 32626, 32953, 33008, 33178, 33431, 33613, 33644, 33677, 34089, 34349, 34417, 34669, 34674, 34733, 34937, 
35088, 35524, 35551, 35756, 35847, 35875, 36429, 36650, 36757, 37178, 37298, 37427, 37798, 37988, 38325, 38656, 38662, 38685, 38904, 39291, 39346, 39446, 39558, 39874, 40230, 40456, 40715, 41545, 42125, 42256, 4
2640, 42710, 42911, 43147, 43508, 44382, 44461, 44701, 44801, 45405, 45429, 45800, 45906, 45963, 45969, 46245, 46249, 46274, 46313, 46579, 46694, 46799, 46921, 47250, 47464, 48398, 48693, 48854, 49648, 49723, 49
797, 50093, 50144, 50498, 50636, 51031, 51115, 51331, 51545, 51593, 51868, 51896, 51911, 52500, 52561, 52672, 52899, 52975, 53106, 53232, 53895, 54030, 54111, 54216, 54532, 54598, 54722, 54775, 56218, 56330, 566
01, 56631, 56679, 56727, 57606, 57687, 57784, 58128, 58171, 58266, 58304, 58316, 58320, 58331, 58595, 58739, 58853, 59221, 59412, 59473, 59901, 60114, 60205, 60492, 60842, 61396, 61651, 61669, 62209, 62239, 6252
8, 62834, 62860, 63087, 63294, 63386, 63945, 64080, 64090, 64099, 64144, 64408, 65029, 65194, 65304, 65626, 65743, 65840, 65969, 67398, 68021, 68116, 68374, 68506, 68608, 69366, 69596, 69623, 69656, 70136, 70157
, 70220, 70287, 70841, 71000, 71357, 71455, 71763, 71875, 72052, 72359, 72409, 72600, 72618, 73505, 73858, 74212, 74326, 74337, 74623, 74701, 74732, 74925, 75205, 75834, 75943, 76219, 76244, 76747, 77513, 77833,
 77870, 77883, 78467, 78900, 79282, 79373, 79810, 80116, 80195, 80217, 80464, 80550, 81607, 81934, 81994, 82152, 82537, 82617, 82638, 82858, 82885, 83112, 83154, 83759, 84286, 84615, 85163, 85290, 85830, 86072, 
86220, 86254, 86700, 86993, 87193, 87369, 88089, 88847, 89414, 89771, 90053, 90062, 90111, 90496, 91128, 91226, 91327, 91336, 91491, 91791, 91812, 92306, 92327, 92544, 92696, 93119, 93408, 93453, 93606, 93692, 9
4248, 94732, 94805, 94916, 95078, 95457, 95476, 95814, 96585, 96734, 96766, 97071, 97073, 97201, 97572, 97763, 97817, 98535, 98806, 99260, 99636, 100066, 100208, 100367, 100821, 101034, 101340, 101485, 102497, 1
02582, 102749, 103019, 103180, 103302, 104122, 104670, 104693, 105022, 105295, 105592, 105653, 105679, 105884, 105924, 106387, 106634, 106656, 106822, 106899, 107280, 107394, 107521, 107805, 107856, 108145, 1082
52, 108271, 108950, 109136, 109149, 109417, 110351, 110491, 110497, 110503, 110552, 110617, 110680, 110802, 111210, 111888, 112228, 112265, 112298, 112886, 113148, 113362, 113484, 113547, 114001, 114019, 114162,
 114173, 114220, 114235, 114947, 114988, 115005, 115011, 115068, 115075, 115150, 115184, 115269, 115358, 115416, 115724, 115797, 115887, 115973, 115981, 116282, 116356, 116546, 116635, 117502, 117676, 117740, 11
7780, 117814, 117876, 117969, 118571, 118653, 118778, 118808, 119221, 119438, 119493, 119655, 119825, 120208, 120888, 121045, 121581, 121916, 121975, 122420, 122649, 122879, 123022, 123131, 123403, 123871, 12425
8, 124324, 125022, 125150, 125585, 125757, 125935, 125982, 126223, 126252, 126380, 126639, 126853, 126971, 127203, 127980, 128060, 129136, 129601, 129857, 129939, 130023, 130261, 130363, 130929, 131188, 131220, 
131307, 131434, 131733, 131933, 132219, 132365, 133076, 133327, 133583, 134427, 134460, 134559, 134615, 134795, 135286, 135570, 135938, 136024, 136697, 137202, 137355, 138199, 138481, 138840, 138947, 139659, 140
001, 140244, 140280, 140375, 140777, 141166, 141593, 141865, 141900, 142561, 142602, 142796, 142991, 143020, 143055, 143107, 143598, 143616, 143822, 144207, 144361, 144483, 145151, 145941, 146294, 146362, 146447
, 146537, 146703, 146744, 147515, 147596, 147638, 147673, 148146, 148428, 148493, 148669, 149579, 149798, 150088, 150267, 150357, 150380, 150703, 151266, 151483, 151819, 152312, 152662, 152774, 153951, 154107, 1
54182, 154389, 154555, 154580, 154846, 155079, 156031, 156429, 156765, 156924, 157314, 157748, 157968, 158032, 158109, 158411, 158935, 159155, 159416, 160306, 160451, 160532, 160814, 161296, 161751, 161762, 1619
26, 161937, 162131, 162388, 162531, 162871, 162952, 162979, 163202, 163226, 163425, 163621, 163645, 164315, 164579, 164765, 164824, 164949, 165354, 165447, 165593]

